conf/chinadem0.0625.dem
ncols         1120
nrows         800
xllcorner     70
yllcorner     10
cellsize      0.0625
NODATA_value  -9999
[rows 328 to 368 of 800, columns 276 to 367 of 1120]
900 901 887 886 879 868 863 856 843 831 822 817 814 811 809 808 809 808 808 808 807 806 806 806 806 807 807 807 806 805 803 802 801 803 806 815 839 869 905 946 978 1003 1037 1086 1137 1257 1451 1528 1553 1594 1600 1544 1507 1488 1521 1544 1540 1569 1559 1565 1590 1641 1624 1633 1632 1671 1691 1706 1710 1732 1735 1732 1731 1758 1755 1763 1775 1776 1744 1693 1765 1829 1891 1939 1939 1908 1912 1951 2012 2076 2131 2184
899 900 895 886 873 860 853 839 834 827 823 820 816 813 811 809 808 808 807 806 805 806 809 811 814 818 819 819 815 813 811 808 810 814 827 855 897 945 996 1053 1107 1131 1166 1230 1310 1473 1620 1685 1715 1696 1685 1660 1659 1650 1682 1696 1722 1744 1720 1726 1721 1768 1742 1770 1772 1806 1825 1852 1856 1869 1881 1893 1871 1869 1875 1863 1873 1867 1806 1766 1780 1815 1850 1900 1978 2046 2090 2123 2173 2230 2287 2325
919 899 894 878 867 854 847 839 834 831 827 822 818 814 812 811 809 807 807 807 808 814 826 837 846 851 850 845 833 826 825 829 843 869 897 934 985 1039 1099 1171 1251 1289 1311 1376 1431 1471 1536 1617 1695 1753 1778 1798 1824 1843 1847 1867 1923 1888 1913 1885 1864 1913 1925 1927 1942 1969 1996 2023 2038 2015 2065 2076 2049 2023 2017 2000 1996 1992 1930 1897 1921 1944 1968 2029 2120 2221 2306 2355 2409 2439 2464 2513
915 897 886 869 862 854 845 840 835 831 827 823 819 817 814 812 811 809 808 809 819 841 861 874 883 888 888 879 866 866 883 909 942 973 1015 1058 1115 1181 1241 1294 1380 1475 1507 1535 1610 1665 1733 1821 1910 1982 1989 1989 2032 2094 2073 2147 2161 2220 2181 2053 2077 2096 2160 2164 2170 2191 2203 2213 2234 2192 2272 2286 2254 2236 2227 2192 2193 2160 2091 2064 2084 2107 2093 2169 2268 2397 2526 2668 2747 2784 2785 2802
912 893 879 872 859 846 843 836 831 829 826 824 822 819 817 815 812 811 811 821 851 874 898 922 940 944 943 933 934 971 1020 1048 1086 1127 1179 1236 1290 1361 1421 1468 1532 1649 1692 1723 1820 1909 2034 2186 2352 2454 2539 2613 2561 2534 2372 2573 2564 2501 2348 2217 2335 2324 2356 2437 2454 2485 2505 2480 2506 2479 2564 2632 2575 2616 2572 2600 2587 2557 2394 2304 2309 2335 2378 2328 2415 2541 2798 3102 3291 3367 3434 3382
903 889 885 871 856 846 841 837 833 831 829 827 824 824 822 819 817 816 818 847 874 910 953 993 1020 1028 1019 1026 1090 1146 1195 1228 1254 1293 1355 1425 1489 1553 1621 1669 1693 1794 1888 1960 2151 2262 2356 2582 2894 3082 3040 3036 2872 2653 2636 2824 2907 2749 2468 2464 2439 2564 2714 2922 2892 2788 2852 2802 2814 2797 2934 3065 3057 3070 3068 3065 2949 2856 2806 2780 2564 2541 2635 2655 2690 2782 2947 3159 3384 3543 3701 3931
902 895 881 870 858 851 846 842 838 836 832 831 833 838 842 839 839 831 833 863 896 948 1007 1067 1115 1127 1143 1248 1340 1383 1397 1426 1450 1478 1552 1620 1705 1779 1826 1875 1884 1998 2124 2222 2354 2520 2585 2739 2925 3079 3135 3168 3060 3026 2898 2930 3209 3156 3028 3050 2971 3023 2881 3029 3261 3337 3304 3151 3385 3480 3408 3399 3615 3617 3508 3379 3112 3193 3211 3051 2893 2943 3081 3122 3155 3196 3263 3276 3247 3304 3347 3387
907 895 883 872 864 858 853 848 844 843 848 857 866 874 885 882 880 871 864 879 912 981 1058 1120 1200 1261 1419 1545 1618 1650 1642 1650 1685 1708 1792 1860 1918 2026 2078 2198 2340 2713 2935 2854 2803 2862 3036 2779 2908 3069 3139 3256 3236 3257 3199 3324 3678 3604 3615 3318 3527 3407 3205 3203 3434 3613 3590 3621 3823 3751 3748 3636 3638 3666 3478 3327 3233 3207 3121 2976 2902 3090 3388 3340 3211 3057 2998 2947 2902 2892 2847 2862
914 902 890 879 873 866 859 855 861 877 887 894 903 923 943 950 944 929 926 978 1017 1101 1257 1401 1569 1583 1864 1878 1939 1956 1911 1927 2179 2425 2264 2230 2197 2316 2510 2740 2784 3045 3097 3245 3250 3206 3102 3141 3197 3195 3333 3471 3544 3476 3537 3495 3617 3687 3777 3687 3657 3807 3850 3650 3723 3781 3654 3514 3489 3505 3461 3620 3702 3467 3325 3359 3478 3405 3290 3140 2914 2963 3176 3313 3366 3236 3139 3070 2798 2731 2730 2730
926 916 904 893 886 880 871 873 891 916 942 954 959 997 1028 1039 1027 1027 1063 1190 1435 1768 2122 2408 2675 2091 2425 2704 2568 2392 2379 2720 3003 3045 3341 3029 3040 3113 3029 3253 3540 3501 3436 3377 3415 3446 3418 3526 3605 3611 3603 3513 3565 3584 3604 3659 3678 3693 3669 3637 3654 3671 3664 3504 3542 3618 3539 3387 3264 3299 3176 3096 3193 3405 3653 3630 3465 3269 3100 2933 2827 2846 2998 3175 3421 3490 3131 2991 2796 2732 2731 2731
941 931 918 911 914 908 901 900 917 957 1004 1031 1034 1077 1128 1144 1133 1191 1403 1769 2088 2755 3137 3388 3219 2439 3196 3258 3564 3085 3105 3258 3540 3723 3773 3765 3766 3780 3914 3809 4063 4131 3861 3836 4019 3760 3681 3521 3445 3388 3319 3299 3307 3324 3342 3362 3388 3403 3393 3388 3396 3427 3396 3290 3299 3134 3079 3144 3238 3254 3128 3278 3507 3688 3827 3746 3508 3284 3032 2874 2774 2760 2821 2920 3146 3269 3099 2967 2896 2747 2734 2736
958 949 943 945 947 947 947 955 975 998 1086 1160 1168 1215 1277 1341 1863 1954 2399 2802 3052 3411 3623 3740 3430 2759 2992 3519 3925 3706 3640 3736 3698 3813 3902 3911 3887 3836 3825 3795 3799 3758 3631 3549 3457 3413 3305 3233 3181 3137 3112 3104 3100 3107 3124 3144 3175 3205 3201 3182 3144 3099 3000 2984 3048 3175 3215 3073 3030 3069 3262 3361 3485 3652 3693 3631 3574 3310 3038 2815 2731 2722 2730 2753 2834 2878 2855 2984 2952 2768 2732 2734
981 979 980 993 1006 1016 1033 1059 1096 1212 1303 1267 1280 1347 1534 1980 2401 2808 2976 2989 3168 3035 3115 3223 3298 3249 2779 2894 3032 3112 3203 3194 3459 3615 3669 3592 3572 3573 3556 3523 3494 3420 3312 3233 3170 3128 3079 3048 3037 3029 3036 3055 3098 3172 3343 3368 3250 3288 3379 3469 3302 3139 3169 3200 3121 2944 2796 2750 2853 3111 3283 3228 3347 3598 3617 3312 3400 3320 3005 2773 2728 2721 2723 2724 2732 2740 2744 2789 2843 2767 2736 2732
1015 1020 1037 1063 1085 1109 1139 1170 1209 1264 1311 1353 1426 1603 2042 2285 2060 2662 3212 3166 3043 3040 3078 3189 3209 3068 3014 3159 3104 3436 3431 3187 3220 3336 3306 3334 3346 3353 3328 3289 3248 3189 3116 3052 3004 2995 3040 3101 3139 3148 3202 3306 3581 3928 4187 3868 3742 3711 3657 3528 3344 3140 2942 2811 2772 2758 2732 2724 2730 2741 2791 2850 2903 3026 3108 3008 2937 2898 2795 2737 2721 2717 2721 2722 2719 2718 2727 2764 2792 2806 2754 2737
1071 1087 1114 1147 1176 1203 1231 1257 1297 1344 1419 1564 1778 2124 2609 2508 2481 2751 2800 2768 2923 2951 3050 3182 3191 2991 3034 3217 3364 3500 3368 3241 3210 3220 3284 3275 3261 3264 3237 3196 3138 3074 3016 2968 2959 3033 3125 3240 3342 3431 3600 3853 4210 4132 4150 4009 3942 3728 3536 3371 3168 2988 2788 2709 2709 2713 2711 2716 2726 2735 2737 2733 2735 2756 2769 2787 2807 2771 2751 2742 2719 2712 2713 2714 2707 2703 2709 2744 2783 2799 2783 2747
1163 1180 1216 1247 1264 1298 1326 1369 1479 1613 1876 2537 2486 2367 2312 2905 2959 2898 3005 2860 2799 2899 3041 3162 3184 3158 3203 3192 3341 3546 3529 3499 3322 3360 3314 3297 3302 3294 3275 3230 3150 3064 2985 2939 2968 3086 3255 3519 3779 4023 4234 4216 4110 3925 3961 3925 3861 3626 3464 3362 3106 2873 2782 2752 2722 2740 2713 2705 2723 2749 2762 2743 2746 2753 2746 2727 2730 2742 2748 2753 2727 2714 2709 2708 2703 2701 2709 2732 2772 2763 2757 2753
1287 1297 1336 1359 1357 1393 1460 1702 1972 2308 2896 2975 2949 2898 2751 2875 3296 3187 3198 3014 3018 3004 3077 3263 3408 3282 3355 3489 3493 3595 3772 3768 3511 3506 3539 3448 3454 3431 3374 3290 3187 3090 2995 2940 2949 3031 3278 3640 4065 4281 4209 4014 3743 3565 3557 3517 3627 3640 3536 3353 3120 2839 2738 2739 2739 2729 2751 2727 2728 2741 2765 2778 2765 2761 2746 2737 2724 2731 2746 2727 2725 2718 2709 2708 2704 2704 2718 2748 2774 2751 2750 2756
1416 1442 1454 1503 1566 1619 1789 2011 2357 2537 2980 3432 3465 3265 2900 3088 3239 3420 3367 3135 3235 3328 3420 3333 3471 3568 3478 3562 3809 3885 3838 3981 3657 3806 4034 4069 3986 3860 3866 3803 3605 3275 3124 3023 3021 3074 3265 3468 3614 3599 3567 3445 3349 3223 3203 3172 3288 3401 3431 3288 3133 2965 2793 2735 2754 2781 2766 2757 2732 2727 2735 2744 2744 2758 2759 2742 2736 2718 2733 2728 2715 2717 2712 2714 2711 2700 2701 2722 2771 2781 2754 2758
1625 1681 1686 1810 2170 2215 2228 2614 2711 2554 2937 3521 3481 3448 3189 3129 3347 3456 3345 3263 3313 3446 3654 3653 3681 3720 3775 3790 3977 4211 4120 4207 4102 4059 4671 4907 5098 5049 4775 4548 4144 3904 3858 3683 3529 3304 3133 3070 3078 3099 3065 3007 2973 2957 3002 3015 3043 3198 3267 3450 3326 3083 2919 2814 2781 2773 2816 2825 2815 2768 2746 2753 2749 2743 2750 2743 2735 2729 2723 2744 2752 2726 2712 2710 2705 2698 2698 2711 2745 2810 2874 2787
2170 2176 2253 2223 2223 2401 2677 3172 3137 2850 3194 3638 3607 3658 3520 3286 3396 3506 3477 3483 3571 3687 3906 4144 4082 4192 4345 4241 4238 4143 4396 4488 4703 4322 4619 4893 5014 4681 4428 4269 4108 4124 4040 3723 3481 3274 3115 3050 3019 2989 2948 2908 2881 2871 2868 2895 2920 2984 3190 3423 3455 3312 3146 3018 2918 2808 2743 2767 2831 2888 2792 2744 2739 2753 2767 2764 2742 2720 2709 2710 2725 2753 2729 2710 2708 2703 2706 2715 2725 2752 2812 2876
2498 2740 2691 2767 2687 2852 2662 3308 3772 3562 3625 3957 3871 3819 3641 3620 3591 3630 3694 3728 3963 4146 4480 4816 4963 4831 5057 4868 4706 4730 4854 4959 4999 4661 4594 4462 4289 4102 3946 3822 3711 3645 3555 3426 3303 3210 3130 3082 3030 2989 2942 2907 2884 2869 2862 2860 2870 2918 3061 3309 3476 3407 3346 3259 3211 3065 2912 2824 2785 2802 2840 2802 2745 2726 2734 2765 2793 2782 2762 2734 2703 2713 2752 2752 2736 2716 2704 2700 2710 2724 2763 2820
3008 3237 3418 3239 2857 3139 2882 3146 3647 3617 3614 3898 4142 4092 3816 3890 3894 3742 3821 3795 4015 4238 4398 4422 4497 4705 5063 4767 4335 4328 4083 4022 3961 3777 3613 3592 3637 3640 3628 3585 3513 3454 3386 3301 3241 3203 3159 3110 3056 3007 2969 2929 2897 2870 2859 2856 2855 2871 2938 3135 3358 3390 3375 3343 3335 3384 3323 3049 2841 2775 2769 2786 2786 2763 2746 2735 2733 2736 2749 2751 2716 2694 2706 2728 2762 2763 2726 2698 2698 2705 2719 2772
3723 4175 3822 3315 3240 3530 3293 3300 3745 4037 3983 4002 4203 4198 4013 4011 3908 3916 3958 3935 4112 4236 4151 4105 4108 4105 4068 3985 3913 3829 3703 3609 3522 3471 3439 3428 3422 3420 3428 3430 3476 3556 3514 3328 3284 3246 3188 3125 3073 3027 2990 2963 2942 2916 2878 2865 2861 2855 2857 2858 2916 3028 3153 3202 3217 3294 3325 3302 3118 2887 2790 2777 2798 2754 2728 2741 2734 2724 2720 2732 2723 2695 2688 2701 2716 2727 2719 2701 2696 2697 2695 2710
3828 4448 4229 3802 3828 3606 3818 3811 3783 4181 4169 4106 4219 4339 4314 4251 4220 4355 4271 4201 4163 4046 3941 3895 3886 3869 3827 3801 3753 3704 3645 3579 3525 3483 3447 3418 3405 3419 3453 3428 3404 3406 3403 3354 3355 3363 3318 3236 3200 3135 3063 3041 3018 2983 2945 2921 2902 2874 2858 2859 2864 2878 2932 3054 3099 3188 3296 3322 3274 3109 2942 2849 2812 2811 2788 2720 2711 2726 2735 2733 2722 2714 2704 2710 2727 2738 2716 2693 2690 2692 2689 2687
3912 4832 5305 4740 4297 3869 4198 3976 3751 3769 3929 4122 4315 4515 4402 4278 4303 4369 4304 4155 4005 3899 3878 3890 3875 3910 4022 4083 3969 3871 3762 3623 3555 3513 3509 3483 3477 3534 3594 3593 3567 3508 3427 3429 3482 3534 3571 3557 3525 3416 3259 3169 3111 3085 3043 2996 2956 2923 2903 2890 2889 2898 2909 2963 3062 3206 3366 3350 3371 3312 3160 3035 2931 2818 2766 2800 2741 2697 2709 2731 2749 2763 2753 2740 2751 2770 2760 2745 2728 2713 2702 2698
4208 5081 5514 5100 4600 4160 4028 3887 3987 4083 4202 4282 4339 4365 4297 4221 4182 4127 4057 3970 3907 3908 3964 4047 4105 4311 4367 4399 4291 4212 4065 4067 4016 4043 4021 3893 3833 3805 3753 3867 3813 3592 3485 3566 3643 3724 3829 4037 4070 4058 3726 3527 3352 3269 3166 3082 3032 3005 2996 2962 2959 2971 2976 2996 3012 3140 3332 3410 3369 3332 3175 3039 2998 2888 2836 2765 2735 2712 2704 2736 2751 2773 2789 2780 2774 2764 2758 2763 2766 2760 2753 2743
4765 4928 4855 4467 4364 4272 4193 4119 4231 4325 4314 4261 4230 4204 4147 4086 4038 4000 3968 3961 4011 4072 4223 4253 4209 4287 4415 4410 4369 4293 4251 4271 4235 4164 4088 4052 4034 3924 3962 3988 3912 3777 3694 3919 4016 4126 4308 4616 4686 4676 4394 4468 3859 3755 3701 3448 3435 3237 3136 3088 3081 3084 3113 3139 3116 3152 3277 3436 3422 3308 3099 2936 2899 2894 2903 2917 2862 2826 2761 2740 2753 2774 2770 2772 2786 2778 2765 2744 2730 2731 2726 2719
4015 4034 4064 4156 4066 4096 4135 4207 4290 4330 4294 4258 4211 4186 4261 4222 4231 4209 4224 4359 4511 4537 4406 4172 4231 4319 4412 4493 4520 4475 4658 4961 4923 4883 4385 4212 4137 4102 4075 3957 3815 3688 3601 3665 3820 4117 4214 4249 4241 4575 4835 4616 4668 4320 3984 3853 3713 3526 3478 3341 3244 3197 3209 3242 3229 3180 3171 3185 3161 3097 3002 2923 2900 2891 2962 2998 2933 2889 2877 2830 2756 2757 2770 2771 2771 2770 2768 2759 2745 2734 2725 2714
3587 3707 4218 4599 4492 4619 4527 4543 4594 4630 4697 4711 4583 4656 4698 4749 4737 4722 4620 4912 4884 4481 4227 4195 4436 4380 4313 4319 4452 4553 4466 4495 4715 4742 4502 4412 4388 4413 4375 4287 4000 3864 3725 3686 3687 3712 3793 3889 3988 4197 4405 4712 4818 4914 4881 4452 3914 3904 3827 3673 3468 3355 3322 3340 3347 3320 3248 3170 3113 3062 3008 2961 2928 2921 2990 3125 3160 3110 3042 2978 2894 2810 2802 2806 2816 2795 2785 2776 2774 2768 2746 2721
3542 3610 3937 4339 4672 4786 4292 4244 4204 4378 4521 4841 4893 5051 5216 5241 5252 4994 4776 4595 4498 4487 4397 4420 4327 4265 4211 4161 4053 4026 4043 4035 4031 4026 4010 4025 4085 4165 4376 4588 4350 4152 4049 3931 3861 3836 3856 3881 3934 3924 3972 4031 4225 4597 4823 4922 4685 4430 3987 3787 3829 3709 3519 3482 3486 3439 3378 3281 3190 3131 3074 3014 2966 2972 3014 3088 3141 3167 3157 3164 3140 3029 2821 2779 2773 2797 2836 2836 2792 2775 2759 2732
3519 3568 3771 3935 3882 3845 3874 4052 4271 4498 4470 4798 4973 5048 5092 5072 4983 4969 4742 4612 4530 4475 4527 4424 4309 4205 4120 4043 3942 3887 3925 3920 3877 3876 3876 3876 3876 3893 3955 4155 4403 4703 4523 4249 4159 4135 4176 4207 4223 4250 4147 4089 4052 4091 4253 4416 4649 4738 4381 4199 4051 3869 3690 3662 3606 3539 3514 3408 3300 3244 3193 3143 3071 3034 3035 3023 3031 3037 2995 2977 2948 3007 2966 2847 2805 2782 2788 2815 2852 2836 2778 2772
3576 3708 3746 3801 3968 4170 4123 4554 5043 5259 4803 4611 4922 5047 5062 5095 4850 4838 4867 4838 4724 4646 4547 4443 4328 4218 4104 4012 3928 3888 3879 3877 3878 3876 3876 3876 3876 3876 3879 3886 3957 4082 4235 4452 4463 4404 4729 4524 4522 4841 4718 4394 4217 4166 4099 4161 4279 4497 4493 4339 4116 4042 3966 3942 3920 3725 3619 3567 3561 3584 3480 3363 3232 3159 3121 3105 3098 3094 3060 3021 3021 2995 2965 2883 2822 2797 2765 2749 2759 2800 2791 2761
3800 3853 4050 4139 4451 4615 4362 4666 5047 5024 5079 5051 5092 5065 5037 4935 4990 5145 5186 5044 4930 4755 4734 4607 4438 4289 4164 4074 3988 3951 3921 3897 3897 3884 3884 3888 3882 3879 3882 3885 3885 3884 3892 3939 4000 4174 4465 4648 4930 5010 4970 4724 4357 4288 4182 4162 4207 4236 4345 4356 4374 4378 4375 4409 4396 4133 4057 4026 3873 4141 4054 3849 3620 3419 3276 3205 3160 3119 3070 3030 2986 3012 2963 2885 2821 2798 2780 2749 2741 2742 2745 2751
4336 4244 4373 4840 4985 5373 5263 5071 5069 5246 5197 4988 5009 5090 5078 5014 4988 4947 4945 4880 4869 4816 4734 4649 4591 4448 4291 4158 4079 4049 4031 3992 3944 3930 3935 3947 3929 3905 3903 3912 3914 3901 3897 3893 3889 3895 3919 4055 4210 4611 4787 4798 4779 4430 4256 4405 4486 4414 4357 4384 4446 4493 4490 4506 4539 4567 4555 4518 4578 4602 4132 3903 3638 3481 3377 3293 3237 3172 3104 3043 2987 2949 2930 2915 2870 2821 2789 2771 2762 2753 2755 2759
4452 5013 4987 5163 4922 4882 5218 5338 5279 4990 4847 4744 4750 4771 4767 4767 4849 4875 4970 4933 4776 4687 4690 4740 4602 4461 4326 4208 4149 4084 4017 4012 3982 3962 3968 4001 4064 4014 4011 3988 3965 3933 3935 3923 3903 3891 3891 3892 3905 3975 4140 4338 4660 4656 4488 4355 4425 4477 4499 4620 4759 4802 4799 4653 4542 4431 4419 4506 4637 4671 4567 4244 3864 3613 3460 3385 3327 3255 3174 3101 3032 2984 2943 2906 2936 2927 2858 2801 2794 2790 2791 2812
4703 4598 4792 4862 4955 4956 4818 4742 4726 4655 4572 4552 4546 4540 4566 4554 4650 4619 4746 4818 4774 4701 4645 4753 4715 4587 4526 4269 4136 4082 4047 4058 4044 4027 4011 4020 4099 4087 4149 4081 4046 4002 3975 3945 3921 3903 3904 3904 3898 3897 3931 3990 4099 4404 4651 4625 4736 4743 4665 4565 4640 4757 4972 4889 4658 4503 4389 4368 4342 4288 4289 4351 4261 4083 3636 3502 3411 3330 3244 3149 3078 3010 2952 2912 2879 2869 2863 2836 2820 2812 2808 2805
5014 5059 5097 4999 4817 4695 4605 4547 4517 4494 4456 4409 4375 4396 4425 4407 4387 4415 4518 4625 4673 4579 4567 4573 4636 4623 4478 4416 4285 4160 4154 4145 4096 4061 4057 4054 4090 4184 4268 4159 4067 4032 4084 4041 4043 3985 3932 3927 3963 4034 4014 3966 3950 4001 4166 4332 4855 4996 4789 4834 4884 4857 4890 4816 4704 4560 4395 4288 4183 4064 4010 3938 3840 3786 3659 3602 3531 3431 3325 3243 3195 3057 2988 2950 2909 2873 2845 2833 2822 2813 2808 2810
4567 4705 4834 4849 4827 4743 4578 4451 4392 4367 4355 4338 4314 4297 4288 4283 4278 4270 4269 4287 4290 4326 4373 4427 4432 4444 4433 4358 4295 4329 4343 4301 4202 4126 4108 4091 4129 4195 4229 4156 4081 4223 4257 4164 4107 4022 3936 3966 4017 4091 4120 4117 4136 4059 4054 4157 4307 4453 4574 4742 4910 4726 4669 4760 4819 4672 4772 4581 4416 4184 4055 3947 3855 3776 3701 3631 3548 3454 3356 3278 3211 3147 3046 2995 2956 2904 2871 2854 2857 2835 2823 2824
4350 4348 4390 4481 4546 4517 4428 4397 4403 4404 4397 4404 4359 4293 4273 4262 4257 4251 4251 4251 4251 4265 4309 4342 4453 4378 4317 4324 4351 4385 4432 4354 4256 4158 4126 4099 4184 4190 4168 4135 4144 4222 4205 4165 4137 4088 4039 3996 4006 4086 4169 4181 4164 4200 4143 4129 4217 4355 4483 4600 4795 4833 4725 4671 4587 4483 4408 4460 4530 4476 4276 4044 3916 3840 3754 3668 3577 3484 3391 3308 3235 3176 3112 3047 2994 2953 2916 2895 2883 2889 2862 2849
4490 4518 4386 4373 4392 4416 4427 4432 4444 4476 4459 4509 4577 4419 4325 4296 4263 4251 4251 4299 4282 4276 4312 4339 4428 4526 4437 4292 4279 4253 4242 4219 4198 4177 4190 4213 4231 4217 4200 4170 4181 4189 4165 4136 4111 4084 4049 4012 4013 4051 4172 4264 4272 4178 4159 4154 4198 4241 4369 4461 4487 4550 4598 4704 4817 4777 4713 4519 4314 4154 4142 4090 4127 3989 3836 3729 3635 3543 3464 3386 3303 3249 3205 3137 3056 3035 3015 2991 2959 2934 2910 2886
4811 4720 4484 4429 4421 4458 4500 4505 4495 4505 4589 4632 4689 4500 4393 4356 4305 4303 4298 4309 4358 4301 4404 4386 4419 4466 4547 4466 4392 4294 4298 4275 4272 4238 4252 4255 4255 4266 4251 4210 4212 4201 4163 4123 4087 4061 4051 4052 4111 4108 4187 4298 4368 4356 4206 4124 4123 4168 4235 4281 4289 4307 4328 4428 4470 4447 4779 4797 4770 4337 4325 4401 4362 4140 3956 3871 3755 3673 3596 3514 3414 3386 3301 3213 3181 3155 3134 3090 3041 3004 2966 2936
