conf/chinadem0.0625.dem
ncols         1120
nrows         800
xllcorner     70
yllcorner     10
cellsize      0.0625
NODATA_value  -9999
[rows 123 to 163 of 800, columns 0 to 91 of 1120]
338 328 331 319 335 374 397 392 384 376 376 398 393 371 350 327 307 296 297 316 346 364 375 356 335 324 326 328 324 335 334 321 307 280 272 268 270 273 265 253 244 235 223 215 205 199 198 187 207 211 206 205 197 189 188 184 183 179 174 166 153 139 124 118 119 118 122 128 137 144 144 133 128 126 123 122 121 120 119 119 119 119 118 117 116 114 112 111 108 106 103 101
326 320 318 321 339 378 408 400 384 373 366 373 367 357 379 370 337 321 314 329 349 377 384 355 340 331 329 329 328 337 343 340 326 299 287 267 260 268 264 243 228 227 218 206 200 194 189 197 208 214 210 215 210 198 194 194 187 187 177 174 172 166 157 146 139 134 136 140 144 150 153 144 143 136 130 126 123 125 127 128 127 125 123 121 119 118 115 114 113 112 110 104
322 313 323 338 358 379 385 391 376 353 342 342 360 359 371 393 361 336 349 376 395 386 386 368 350 332 325 326 327 349 348 347 336 328 332 298 269 264 260 247 249 236 223 215 206 216 215 216 228 223 226 226 231 222 215 214 206 191 187 179 169 162 166 171 170 167 166 167 168 166 159 153 148 142 131 125 130 134 138 137 135 132 129 126 124 123 121 113 110 112 116 115
315 330 339 350 361 365 374 368 356 338 334 345 373 386 383 371 378 374 387 413 396 395 395 378 357 336 319 316 315 329 335 337 342 330 330 321 300 277 254 231 225 224 234 243 231 241 249 233 242 252 275 269 263 280 295 263 235 220 206 203 188 167 179 190 189 189 190 188 184 177 175 177 174 165 158 151 150 152 147 144 140 137 136 139 133 132 129 124 114 112 120 116
313 323 350 361 347 345 356 359 337 329 338 350 381 389 384 376 377 378 390 393 394 380 387 367 347 332 325 322 308 307 324 325 334 319 326 346 329 292 266 248 240 229 228 258 258 283 284 259 260 287 290 305 279 303 309 280 256 253 251 238 207 201 211 212 210 211 209 204 196 199 202 197 192 189 184 180 174 166 157 159 158 161 165 156 148 138 129 129 112 88 79 85
303 315 340 353 339 331 336 337 326 345 357 369 385 420 400 377 372 376 376 383 379 377 386 367 355 348 337 322 307 296 303 305 306 301 302 309 297 279 270 256 246 239 231 261 296 306 304 281 294 321 343 341 318 333 334 306 303 286 274 260 234 234 226 225 228 218 208 213 212 206 207 206 202 195 197 193 187 178 180 184 178 173 171 169 160 146 133 134 120 87 72 71
303 317 326 335 328 321 329 332 333 344 361 366 379 398 390 379 375 369 369 381 376 374 375 374 363 351 335 321 315 306 293 286 298 291 277 269 267 253 250 250 243 243 269 288 306 286 298 302 310 336 376 372 366 351 344 299 275 257 251 243 248 247 233 231 225 224 242 245 229 223 208 204 209 206 205 199 191 196 195 192 189 186 183 183 177 161 148 138 119 100 89 78
303 313 317 329 321 317 345 351 352 359 365 374 377 381 370 357 352 346 352 358 358 366 373 381 376 358 344 330 317 303 289 277 274 280 286 279 274 278 264 252 245 245 265 285 275 278 293 310 320 331 347 330 307 303 290 279 286 252 244 261 255 249 259 260 238 232 247 255 234 226 222 216 217 220 212 212 212 213 217 214 204 198 191 186 175 167 165 159 146 138 133 135
297 300 303 307 308 313 325 337 357 370 369 371 367 367 360 348 344 357 379 402 390 392 390 378 363 347 328 313 303 307 306 301 313 324 309 287 275 277 297 278 278 279 269 269 279 288 301 311 336 352 353 370 328 295 264 274 279 276 264 268 262 275 289 281 271 265 264 269 263 254 251 240 238 230 228 228 227 235 230 223 218 202 193 191 187 199 189 176 171 167 167 164
302 304 301 305 308 311 321 336 347 358 359 350 343 339 341 353 368 386 399 413 411 403 390 371 350 330 325 341 345 346 342 337 328 310 290 287 273 277 296 311 318 321 295 285 293 307 312 313 339 359 343 360 342 305 267 277 264 266 278 289 273 300 315 325 298 291 300 298 295 286 271 258 257 240 233 245 250 239 221 214 225 224 226 223 212 170 178 187 198 181 177 177
323 314 317 317 314 316 315 323 325 327 327 329 331 343 354 362 371 376 389 406 412 406 392 373 362 362 360 367 359 348 341 321 312 306 286 287 291 289 307 320 347 372 341 313 302 309 317 331 366 406 363 347 316 275 273 299 299 280 285 298 290 319 343 345 322 328 319 311 297 292 275 257 252 247 244 252 253 254 247 243 236 226 224 224 213 221 173 175 211 208 198 192
363 355 340 332 333 330 329 329 338 342 334 344 349 359 374 386 397 410 422 426 421 412 401 390 377 363 349 340 332 328 322 307 292 290 300 315 315 308 302 308 327 350 361 328 317 331 344 352 375 416 441 407 330 316 303 306 310 295 300 297 302 318 330 320 301 314 301 294 283 282 262 253 253 253 242 250 253 258 251 239 237 231 230 227 233 227 224 222 223 228 218 225
376 377 375 375 371 363 355 364 371 361 357 375 387 395 407 418 425 429 429 423 408 392 378 367 354 344 327 314 302 305 308 297 310 315 315 320 324 332 324 320 317 329 352 354 354 341 348 367 401 455 518 460 369 355 332 320 320 310 321 307 309 329 351 349 325 333 325 289 267 271 284 281 277 277 270 265 265 274 281 264 260 266 251 244 236 234 248 250 247 221 206 214
370 384 383 388 390 395 397 397 388 384 393 401 405 402 392 385 382 389 396 390 378 362 350 343 342 331 317 310 314 331 331 318 321 342 339 344 354 366 364 358 342 334 337 352 369 379 373 379 406 446 515 463 476 415 371 367 382 355 342 317 323 353 370 363 342 334 311 294 293 283 296 303 290 279 273 280 294 312 311 289 298 291 271 273 273 272 270 252 245 247 233 237
342 349 337 337 350 371 378 367 371 355 357 352 346 344 343 349 359 365 367 364 360 354 353 338 327 320 320 332 365 364 371 351 336 355 354 372 377 384 378 363 356 350 360 362 373 403 414 419 430 479 563 518 583 514 408 451 441 397 374 357 337 352 391 397 366 347 349 338 302 291 309 312 329 318 319 315 323 339 327 311 306 302 299 314 323 302 271 259 266 262 252 270
307 327 321 318 326 340 336 326 327 323 322 324 327 328 332 339 344 344 343 349 352 355 356 348 340 342 351 361 392 399 404 361 349 349 356 362 372 388 393 389 379 369 393 379 377 391 408 429 462 524 606 568 643 528 475 502 430 386 371 359 349 366 398 397 376 359 362 336 308 333 368 353 340 350 344 333 345 346 320 302 318 342 348 358 311 284 268 265 280 298 286 288
315 309 308 309 312 314 313 314 317 320 323 323 324 328 328 330 331 333 335 338 342 347 355 367 373 377 380 383 399 427 409 391 394 388 395 392 393 404 429 404 383 393 427 408 395 404 421 451 474 523 577 607 568 520 479 493 432 387 375 389 402 404 400 383 376 335 323 321 347 364 370 381 386 391 389 370 358 362 350 335 333 352 365 346 312 297 285 293 294 306 295 282
332 326 315 311 314 317 318 323 331 338 338 337 347 348 349 346 343 338 335 336 338 346 359 366 374 385 407 413 414 412 402 390 393 395 404 405 417 433 435 429 412 411 424 421 418 435 457 550 560 608 566 643 662 546 455 428 410 390 387 403 417 408 400 370 345 345 368 379 341 347 374 382 409 424 405 387 390 382 367 391 374 347 358 338 316 310 303 302 290 293 270 269
339 326 322 325 327 336 349 361 365 359 351 363 364 364 364 364 362 356 344 338 339 343 347 354 365 382 383 394 401 382 376 377 396 392 398 404 427 437 428 425 428 431 445 444 466 495 531 585 632 659 630 592 606 514 459 418 406 391 391 413 450 427 403 367 367 405 415 397 363 353 378 396 387 377 380 376 398 399 376 356 357 330 339 320 288 290 304 306 262 248 240 238
326 327 335 340 352 374 387 384 369 361 376 379 377 375 369 360 352 345 341 342 344 346 346 350 352 353 357 362 364 370 371 377 402 425 430 429 441 442 427 429 467 457 489 508 579 608 600 658 656 627 574 554 513 470 440 419 408 413 437 459 476 454 441 389 362 384 407 395 378 372 372 398 408 397 372 366 357 358 340 341 346 328 313 317 301 287 285 282 272 262 251 261
329 337 343 354 366 392 395 377 376 380 377 368 362 352 346 340 343 343 343 345 348 349 350 351 352 356 357 360 365 370 374 382 400 403 419 411 418 418 423 438 465 477 483 512 547 582 650 646 581 560 512 491 481 448 432 454 447 452 470 487 461 436 408 377 378 423 433 426 411 400 396 433 442 419 392 370 362 359 333 318 329 326 313 313 308 325 330 303 292 284 269 256
353 357 357 363 387 398 392 392 382 362 350 345 342 341 341 341 343 344 346 348 352 353 354 352 354 358 365 378 376 377 378 392 402 409 409 400 416 434 448 460 513 524 526 558 570 562 567 558 532 506 494 485 468 452 476 520 508 500 501 490 447 425 407 379 376 390 415 441 424 410 417 453 427 396 380 405 419 393 358 333 370 366 358 330 354 351 339 317 321 327 300 300
375 376 376 384 399 404 389 368 355 349 341 337 338 341 341 345 349 351 350 351 357 355 360 360 364 366 380 404 405 392 399 423 433 439 416 427 466 469 470 493 530 544 560 574 607 599 563 573 570 575 535 508 525 516 534 546 528 498 481 458 443 413 392 380 378 391 406 423 446 448 451 478 462 419 407 413 410 381 364 348 363 367 377 374 379 383 358 334 338 347 370 355
352 364 369 372 362 351 346 342 341 341 336 335 338 343 344 348 353 360 380 394 386 362 376 377 375 390 401 414 413 408 435 453 452 438 419 436 470 491 476 476 485 481 496 507 565 588 546 531 537 566 599 566 533 545 540 522 490 450 427 417 425 437 400 390 381 386 402 430 468 514 507 517 522 487 426 436 422 418 408 375 394 394 435 427 415 387 371 390 412 454 573 546
336 336 338 335 335 336 334 336 339 340 335 337 342 358 367 379 388 420 418 396 376 367 364 382 388 409 430 432 423 425 453 451 433 424 419 418 431 433 439 446 457 464 482 510 552 530 518 525 539 577 627 619 529 533 536 512 491 456 421 430 423 413 407 418 418 408 412 428 459 467 459 488 491 491 448 455 452 446 432 393 406 465 449 484 542 520 470 506 633 555 493 470
329 332 333 332 333 333 333 332 338 342 345 354 378 388 400 407 403 386 369 364 368 370 368 380 387 400 412 411 415 439 449 451 455 442 428 423 429 428 430 436 441 458 461 462 475 522 570 598 594 610 676 625 570 543 535 493 447 436 453 457 444 436 439 456 452 428 419 425 440 428 435 452 458 468 466 455 426 413 391 390 416 433 451 481 495 518 511 565 535 548 543 502
328 329 331 332 332 328 327 330 339 350 369 388 397 399 387 372 361 357 361 367 372 377 370 370 375 382 389 398 412 420 440 468 460 441 435 436 437 434 441 443 450 453 456 460 469 486 509 550 565 562 580 594 603 536 519 480 443 443 489 512 502 472 477 471 476 479 448 471 498 471 446 444 456 477 425 414 404 413 403 419 451 466 446 455 454 454 463 468 476 487 501 481
328 329 329 338 328 330 335 348 355 363 379 379 371 367 361 356 362 365 377 389 395 385 373 384 380 381 391 401 411 425 450 479 459 452 457 453 444 453 465 494 487 480 479 493 492 487 488 505 524 555 607 599 581 524 485 454 451 498 488 488 496 517 512 485 476 491 500 482 483 507 486 482 529 493 442 423 417 420 437 434 430 431 444 439 444 457 475 477 482 515 537 526
325 330 337 341 348 350 350 366 373 369 362 357 358 363 363 370 380 388 408 414 408 406 383 391 386 395 405 419 428 449 467 483 480 473 469 465 469 489 503 545 567 552 541 522 518 517 514 548 584 630 592 581 539 491 461 458 500 506 482 476 484 503 506 521 525 505 520 486 492 501 505 515 533 474 450 503 472 457 458 459 458 440 457 460 497 528 563 546 518 515 557 590
322 333 341 350 355 357 359 367 362 351 359 368 372 376 379 394 409 427 440 436 448 426 392 382 385 398 408 421 435 462 457 460 491 505 481 487 489 501 528 555 600 600 572 585 590 588 578 599 627 648 562 522 489 474 488 513 532 522 506 500 493 500 526 548 562 540 521 496 502 525 511 542 525 491 474 531 558 554 509 524 576 500 462 472 503 534 585 634 588 532 548 562
339 343 346 345 341 336 349 352 360 357 363 373 389 397 411 426 450 473 475 468 442 418 391 382 386 389 403 423 428 444 435 451 476 487 473 467 471 494 529 539 565 588 604 612 621 609 610 594 582 583 541 504 499 496 503 528 533 535 547 553 531 525 539 567 572 553 533 521 546 591 539 581 638 571 514 528 596 619 618 684 647 575 498 486 540 579 584 618 623 606 591 606
359 356 347 345 330 337 352 362 359 360 371 383 402 415 438 455 465 458 442 427 409 392 386 385 389 398 414 404 413 421 424 435 452 469 454 460 477 520 589 618 587 582 590 575 594 580 555 547 545 527 534 534 535 527 541 542 548 566 565 576 573 572 571 576 561 587 594 585 556 601 571 591 608 550 548 587 600 647 680 732 629 605 555 528 552 518 570 582 578 591 627 642
354 344 350 345 349 364 376 385 379 378 383 398 423 436 429 416 413 410 407 402 394 392 390 388 390 394 398 402 408 415 436 429 439 451 454 466 480 517 561 608 596 564 556 551 566 559 543 546 520 520 555 554 540 536 531 552 539 540 548 575 568 569 550 566 565 602 636 629 609 607 626 633 611 581 617 675 657 692 696 717 730 666 644 618 641 557 522 549 610 632 650 648
334 335 337 359 385 400 398 386 392 399 407 411 403 394 390 391 393 393 390 394 393 394 397 392 393 398 404 408 410 417 425 442 454 459 463 471 489 534 593 603 566 557 538 526 543 521 506 495 499 516 535 532 512 524 514 520 520 528 562 568 551 537 568 588 581 591 611 615 639 657 671 673 665 650 650 689 682 723 693 719 741 691 609 583 574 551 535 546 564 591 672 741
343 337 337 355 373 384 375 378 375 387 387 378 374 374 378 383 388 392 393 403 407 416 402 395 408 407 417 436 450 437 439 467 480 489 497 502 519 539 590 611 585 559 532 500 486 485 488 501 517 507 498 496 510 511 519 525 532 548 541 542 531 550 577 560 571 579 604 629 657 669 688 678 666 654 661 660 686 743 708 715 706 663 614 571 561 556 567 595 630 640 653 690
356 341 342 351 362 359 358 362 365 366 368 368 374 376 381 390 400 407 413 416 420 411 401 398 409 419 419 431 456 458 451 461 475 491 520 533 544 557 546 542 574 525 503 494 494 487 497 494 489 490 492 493 496 500 508 508 524 530 529 527 539 551 555 565 601 630 653 660 622 651 693 682 654 634 635 633 643 659 654 650 645 611 597 592 594 630 660 674 667 688 692 713
356 343 341 345 349 358 374 379 376 364 365 366 371 375 383 390 407 416 421 431 426 426 425 406 421 438 448 449 446 443 466 486 485 483 498 525 572 574 535 511 525 506 475 475 508 525 534 526 529 524 524 509 510 530 524 532 559 543 525 526 531 537 548 576 600 592 617 624 604 614 623 646 639 642 666 625 609 617 626 637 648 660 681 691 683 692 697 660 654 681 680 707
365 345 345 348 352 364 381 386 379 369 371 371 370 378 388 390 399 413 429 444 440 440 434 421 414 429 457 482 473 456 470 509 513 505 529 546 558 528 508 476 472 467 486 507 520 553 575 549 563 575 543 522 530 566 575 586 569 545 581 572 556 579 553 558 566 558 611 612 585 588 603 643 634 607 616 619 630 651 674 703 713 701 698 687 662 662 643 642 660 657 670 682
348 345 344 349 364 368 387 388 377 374 375 375 375 382 390 390 404 419 429 439 433 428 430 431 418 416 431 450 486 475 478 541 508 480 511 507 501 480 462 457 459 464 481 512 549 541 514 514 541 533 525 542 546 567 594 616 583 570 592 566 577 631 599 581 596 578 562 569 588 603 587 589 594 607 625 641 679 705 695 686 664 662 646 648 636 642 626 640 628 626 647 649
346 347 348 362 374 371 379 382 385 383 380 384 383 384 389 391 399 409 421 425 419 418 427 430 424 421 424 463 523 496 485 548 498 454 454 460 455 463 467 464 462 464 469 488 514 494 497 524 541 551 561 594 593 595 625 625 608 600 590 573 574 612 635 606 618 609 584 586 580 581 604 617 633 653 663 673 680 676 663 644 641 658 633 626 624 628 652 679 665 638 668 655
364 369 359 374 403 376 367 372 380 395 391 395 393 389 386 391 396 404 424 429 428 432 427 420 433 442 446 432 476 466 489 520 462 440 452 476 497 531 512 490 474 471 473 476 478 496 526 544 525 520 544 571 588 595 571 562 576 604 641 617 597 619 620 617 648 606 614 637 618 593 594 612 635 656 641 639 634 633 639 638 639 636 632 641 634 633 644 652 658 667 683 667
