conf/chinadem0.0625.dem
ncols         1120
nrows         800
xllcorner     70
yllcorner     10
cellsize      0.0625
NODATA_value  -9999
[rows 246 to 286 of 800, columns 828 to 919 of 1120]
185 181 179 176 177 174 171 168 167 167 167 166 163 159 156 157 157 156 151 150 150 150 149 146 146 144 146 145 143 142 147 148 149 152 157 161 158 160 162 164 168 174 182 207 220 207 202 208 221 226 214 201 197 195 192 183 177 170 161 157 169 192 181 162 153 193 200 184 168 162 159 160 161 159 161 173 197 187 179 193 204 199 211 212 225 233 204 221 235 249 234 241
184 182 180 176 174 172 170 169 167 168 166 165 163 161 160 159 157 156 154 152 151 149 148 148 148 148 146 145 144 143 146 150 153 156 159 165 165 165 169 172 174 176 193 198 203 220 237 204 183 210 201 200 205 218 196 194 176 162 160 174 193 183 173 169 155 181 205 194 173 182 175 175 167 166 162 163 190 188 189 201 217 209 229 241 235 219 225 228 259 290 279 304
184 180 179 177 174 172 170 168 166 164 162 162 161 160 158 155 155 155 154 153 152 150 149 145 146 146 148 146 150 151 150 152 154 154 157 159 165 172 176 178 177 179 191 210 218 229 240 169 169 187 202 187 202 198 181 173 165 165 179 195 184 185 180 168 157 181 204 183 195 239 241 254 258 211 163 164 177 195 217 213 214 220 239 236 234 258 251 236 262 311 306 396
184 182 178 175 174 172 169 166 164 162 161 159 158 159 158 157 154 153 152 151 151 150 149 150 147 147 147 147 149 149 151 156 161 169 174 177 180 182 186 186 184 183 192 207 218 239 232 176 163 168 181 173 198 195 180 168 169 179 205 195 194 185 173 177 161 171 208 194 198 263 312 327 281 186 166 165 171 196 208 202 214 239 263 247 277 307 271 257 322 318 326 490
185 182 179 176 175 173 169 167 164 162 159 158 156 155 155 155 154 154 154 153 150 150 148 148 148 148 147 147 152 152 153 155 162 168 176 186 191 193 192 192 192 188 195 210 219 240 225 192 185 188 179 176 174 173 170 170 172 197 212 200 190 174 189 191 163 170 210 203 192 214 266 210 198 188 170 166 169 188 213 214 227 241 284 265 322 338 343 339 311 360 390 454
186 183 183 179 178 174 171 169 166 163 161 159 156 154 152 152 152 153 152 153 153 151 152 148 151 149 152 152 154 156 158 160 163 170 180 188 194 199 201 201 201 196 201 207 222 246 251 184 171 175 173 181 177 173 171 173 174 192 214 206 182 182 202 192 166 177 213 218 208 222 237 238 240 204 182 168 177 228 247 233 257 272 301 368 318 396 364 330 416 311 367 504
189 187 184 178 175 172 170 167 166 166 164 162 160 158 154 150 148 149 150 149 148 149 150 151 152 150 152 152 154 157 162 166 166 169 174 179 187 196 203 208 209 202 205 220 226 238 252 199 171 171 172 172 175 172 179 181 177 208 216 195 189 187 208 192 167 175 210 229 225 240 274 323 252 274 236 171 187 241 252 263 297 314 341 392 321 300 306 324 336 323 350 417
191 188 182 177 176 173 170 169 166 164 162 160 159 158 157 156 151 146 145 146 145 144 145 146 147 150 154 158 161 163 164 170 173 173 174 178 184 192 202 211 213 206 208 218 227 241 244 196 186 174 174 177 177 179 193 191 179 197 213 198 196 193 210 183 170 181 198 217 273 305 329 294 261 226 196 172 179 220 241 290 282 295 320 361 345 346 359 356 387 430 423 415
193 189 184 179 178 175 173 170 168 166 163 160 157 155 154 152 152 149 145 143 143 142 141 142 143 146 145 144 148 154 160 170 181 186 186 186 191 203 217 222 219 203 213 227 237 246 241 204 199 192 192 182 179 190 212 196 183 199 218 204 202 199 210 180 173 204 213 247 295 322 304 252 207 183 174 175 182 224 246 235 240 258 307 325 413 482 588 536 428 574 573 540
193 189 185 182 179 177 174 171 170 168 166 162 158 156 154 152 150 149 148 146 141 139 139 139 139 141 144 143 144 146 149 157 169 182 193 197 199 205 209 216 217 195 198 209 225 244 238 208 199 189 184 184 184 199 210 202 192 188 212 207 216 212 202 180 184 226 277 294 280 240 233 204 183 178 179 178 184 206 233 256 264 261 268 287 430 489 608 580 467 494 639 625
193 188 187 184 182 179 176 174 171 168 166 163 160 157 156 153 150 148 146 146 147 142 136 135 136 136 138 140 143 145 150 155 162 174 185 195 201 194 192 191 205 185 192 204 223 233 240 223 207 196 187 190 188 198 216 211 207 194 202 218 224 227 218 199 220 248 266 251 241 216 192 187 190 192 185 182 199 204 220 229 250 326 341 334 343 460 680 599 474 437 453 438
198 192 189 186 182 179 178 176 173 171 168 163 161 160 157 155 155 152 150 145 143 141 138 134 132 134 134 133 140 142 145 152 163 178 189 194 198 186 200 175 182 182 176 182 189 201 212 213 215 194 190 195 195 193 210 223 224 205 203 234 235 263 257 237 204 212 216 224 208 195 197 198 199 207 209 245 191 205 262 264 309 348 296 372 472 518 604 436 339 328 345 364
197 192 189 185 182 180 177 175 172 170 168 167 164 160 158 157 154 152 152 149 151 148 145 140 134 129 130 133 144 146 146 149 156 164 162 159 162 170 170 158 156 160 162 178 192 194 178 189 208 202 199 200 209 195 200 211 226 207 210 250 265 263 250 266 201 190 209 215 205 201 211 217 251 267 299 245 207 213 294 387 366 457 371 545 822 756 681 397 336 325 397 363
200 194 190 187 185 182 178 176 173 171 168 166 164 161 159 157 154 151 148 147 149 153 151 148 142 133 126 126 140 144 146 153 165 163 159 145 145 143 140 140 144 145 148 150 154 158 164 174 196 213 205 203 213 201 213 216 222 207 229 264 277 257 237 204 188 187 192 202 215 216 253 290 315 381 293 214 212 213 274 421 374 304 379 511 682 591 496 451 319 290 330 345
202 197 194 191 186 183 179 176 173 172 169 167 167 166 163 160 156 152 148 146 144 147 149 149 146 139 138 124 131 148 157 163 163 151 141 133 133 131 134 135 139 146 150 153 155 155 162 171 191 205 211 211 220 209 212 226 230 215 242 286 263 228 205 199 203 192 202 205 228 247 291 303 311 391 292 249 259 272 299 359 316 403 529 408 512 656 841 478 303 280 296 349
204 200 195 191 187 184 180 178 176 173 170 168 168 168 165 164 163 160 156 155 149 144 140 134 133 129 127 124 125 143 158 152 133 126 123 124 127 132 137 142 147 151 154 159 163 162 163 172 181 197 209 222 229 221 226 239 245 218 232 254 244 216 199 212 222 206 206 232 285 315 392 397 371 311 262 286 293 443 425 318 281 348 291 353 420 630 570 330 269 303 328 381
206 201 196 192 188 186 182 180 178 174 172 170 169 170 168 170 170 167 170 169 166 155 148 145 143 137 124 120 123 141 150 131 121 119 120 129 133 141 146 148 155 160 164 166 169 171 167 181 204 218 215 233 250 268 306 348 261 217 243 239 226 215 206 225 233 226 221 308 377 285 316 383 344 353 295 282 425 461 412 291 372 360 291 293 524 611 357 269 363 378 436 381
208 204 198 194 191 188 185 181 178 176 174 172 173 175 178 178 180 176 173 171 166 160 156 150 142 136 124 118 118 134 137 119 114 118 126 129 136 142 149 154 159 168 175 177 177 178 174 178 193 208 229 254 300 373 352 304 240 225 249 252 248 234 216 226 243 233 275 391 357 298 321 397 365 447 352 330 432 603 432 412 527 419 280 530 685 417 297 263 334 354 368 401
209 205 201 197 193 190 186 183 180 180 179 180 181 183 184 184 186 186 184 179 173 162 158 152 144 138 128 120 114 115 116 110 115 120 130 143 147 157 165 172 173 175 184 193 193 190 185 180 201 229 250 301 339 315 270 234 229 240 253 316 268 255 229 230 239 258 249 271 317 391 309 360 385 454 434 326 375 505 771 704 580 541 388 377 483 314 264 293 311 445 480 610
208 204 201 197 193 190 187 185 187 187 188 186 187 187 189 188 190 189 186 181 177 168 159 148 143 138 132 122 118 111 110 111 117 131 148 154 153 148 156 158 161 176 193 201 209 209 200 187 210 248 291 314 300 261 242 238 242 259 260 299 290 284 272 257 279 288 254 242 287 354 364 440 535 498 517 437 516 706 875 677 472 359 332 296 316 309 291 318 381 459 509 463
215 210 207 205 201 197 195 193 195 193 194 195 196 193 195 193 194 189 186 177 170 162 155 150 145 138 131 120 117 111 106 110 120 147 152 131 126 129 135 145 160 164 169 180 205 217 231 219 224 252 269 234 232 241 256 258 251 263 285 276 295 290 327 334 340 378 300 265 303 350 376 453 528 556 475 620 584 648 544 545 431 421 403 382 441 325 350 376 413 412 364 407
222 218 217 216 213 209 206 205 204 204 208 209 206 197 196 191 188 185 181 172 166 159 150 144 143 139 134 126 111 105 104 109 126 135 118 115 123 137 146 153 164 175 185 185 198 239 272 254 229 235 224 233 246 256 268 290 305 274 293 315 355 333 331 331 324 354 346 310 265 372 409 422 556 507 407 520 484 473 388 482 537 463 437 416 325 315 298 338 356 397 495 618
234 231 229 226 222 219 215 210 213 217 217 218 213 206 202 197 191 186 179 171 163 154 150 149 144 139 134 127 108 103 102 115 124 113 113 124 123 128 140 151 153 164 180 196 232 277 323 306 231 224 240 243 277 289 298 302 334 323 287 296 342 369 387 366 349 318 328 297 299 326 345 570 531 476 428 363 391 412 363 398 368 368 356 327 359 341 402 476 527 573 541 629
247 242 239 237 233 230 227 223 219 219 220 219 214 210 207 206 198 191 183 173 162 157 150 146 140 135 129 119 105 99 99 117 110 113 137 147 146 149 148 162 175 174 184 205 261 319 340 291 239 225 248 254 272 325 329 332 329 352 369 314 313 338 354 346 342 370 360 373 343 384 360 467 464 566 589 537 417 354 406 350 307 328 380 362 338 377 413 394 428 504 695 708
256 254 251 249 246 242 237 235 233 232 232 230 225 219 213 209 203 194 185 176 167 161 155 146 140 132 123 113 97 95 98 116 101 116 127 135 142 132 140 149 159 175 195 254 282 346 334 289 268 251 233 256 274 281 310 361 347 370 362 347 376 377 374 365 397 445 407 418 395 449 406 449 414 410 447 586 432 438 484 412 304 309 349 325 374 414 474 658 577 588 667 836
268 266 263 261 259 255 250 247 243 239 236 234 229 225 221 216 205 193 182 173 167 162 157 151 141 131 117 100 91 92 101 107 98 118 120 115 116 128 135 139 154 167 236 287 300 316 295 328 314 264 275 256 266 311 330 351 326 332 351 394 429 412 405 367 393 489 432 391 349 364 373 363 416 440 353 368 380 374 381 377 323 295 324 362 370 506 538 454 487 549 632 906
283 279 275 272 269 267 263 259 253 248 245 243 240 232 218 212 204 192 176 165 164 163 158 152 139 123 104 91 88 90 116 104 93 99 105 116 130 145 153 159 170 205 265 307 258 293 337 383 327 254 267 286 276 302 320 318 329 325 385 369 398 409 380 366 361 384 349 338 332 343 376 344 346 343 377 329 329 338 325 291 277 296 318 381 371 370 418 398 433 498 565 637
296 293 289 283 277 274 270 263 260 256 250 245 242 235 219 203 188 176 168 163 159 158 146 130 116 101 90 88 85 92 101 89 104 110 126 131 134 140 165 189 239 282 260 224 242 328 337 330 335 272 296 288 271 280 278 295 314 320 345 358 384 365 354 341 354 367 347 345 343 336 358 399 334 340 353 345 322 324 312 314 325 338 369 436 437 430 402 373 408 425 502 631
281 276 287 279 274 271 267 260 262 260 256 250 244 231 214 196 182 168 156 152 150 144 130 113 99 89 87 87 83 85 85 96 111 124 131 141 148 155 173 240 279 232 196 298 381 363 275 386 335 297 347 342 331 306 307 299 347 349 330 382 413 389 363 339 346 344 331 335 376 356 327 348 331 326 308 317 302 331 362 374 385 429 474 496 526 537 439 420 435 487 537 590
284 252 240 246 253 249 249 244 249 252 255 255 251 235 217 188 170 157 141 128 125 116 112 100 91 91 89 84 80 81 85 114 121 116 116 127 144 149 199 289 221 195 256 274 275 244 258 307 285 345 360 375 345 388 337 346 330 362 372 377 381 376 357 349 332 334 348 336 319 317 318 307 297 305 304 347 330 363 481 499 501 565 601 580 606 564 466 474 480 470 624 655
280 240 241 208 207 207 211 214 232 241 240 236 231 218 206 190 159 136 124 125 119 102 104 91 91 99 86 81 81 78 81 110 103 102 121 135 118 138 199 209 163 170 203 199 199 244 237 231 243 267 318 368 376 413 369 394 385 400 379 371 369 376 383 370 354 331 323 338 342 323 296 307 315 323 342 357 395 525 562 553 671 583 546 518 596 596 539 495 508 562 613 601
268 249 208 221 216 210 198 164 188 197 202 201 199 186 179 163 168 132 109 117 112 102 108 101 100 90 83 94 99 90 74 85 106 96 106 111 108 123 129 127 173 237 276 261 269 321 269 349 303 273 337 376 404 421 400 415 393 372 365 362 348 359 365 343 328 320 312 309 303 299 323 333 335 360 380 401 432 482 507 795 766 585 531 490 490 510 472 510 512 525 602 591
266 241 214 259 230 180 166 145 136 146 157 158 152 144 148 139 147 168 116 91 82 92 88 144 152 98 89 109 131 143 74 73 89 84 94 89 90 92 109 168 230 237 241 237 219 219 253 316 342 333 355 382 419 439 429 414 406 387 365 355 344 340 333 327 321 325 332 319 313 313 346 375 359 424 487 478 430 583 689 746 660 608 641 613 571 484 485 518 523 530 566 559
241 223 234 238 223 202 149 131 122 119 123 127 118 111 108 118 123 146 118 90 86 72 88 199 178 110 105 105 105 88 70 68 71 73 75 80 90 104 135 154 169 176 204 178 228 323 307 385 381 351 428 467 553 527 459 440 416 395 389 397 372 349 339 327 343 340 323 327 328 320 378 390 361 380 400 461 524 620 752 652 608 813 747 637 566 523 551 601 583 603 578 627
256 256 242 235 193 156 145 142 114 109 104 102 98 94 91 99 142 137 96 78 70 65 107 138 97 86 119 185 136 79 67 66 66 67 86 106 87 129 218 270 236 204 218 210 184 237 294 379 498 455 443 404 450 545 572 549 544 478 422 410 386 353 334 349 358 329 339 336 334 342 346 377 390 422 474 483 620 692 638 614 611 645 580 529 510 602 622 605 624 657 675 690
326 265 206 170 147 134 126 125 118 100 96 91 86 81 79 117 104 115 91 60 57 58 71 84 93 80 98 168 109 72 69 74 85 78 83 84 139 155 194 238 315 393 351 297 265 206 339 320 305 299 330 337 411 484 541 509 439 412 408 381 353 353 361 391 355 351 356 397 483 418 364 386 417 466 537 608 730 659 619 608 567 575 565 553 504 546 747 635 588 648 679 724
309 258 210 170 161 161 142 96 97 90 88 86 81 75 72 85 75 79 69 66 54 52 69 104 100 92 71 115 83 69 56 67 75 94 83 156 160 159 248 285 278 319 304 289 252 263 256 346 407 349 332 306 336 405 543 449 412 374 372 368 380 420 427 400 366 394 482 556 422 367 387 460 541 589 693 777 905 776 694 645 649 652 607 579 505 568 585 529 526 633 678 718
289 223 188 176 154 142 116 89 87 87 80 78 75 72 67 63 66 67 67 61 47 52 102 103 81 89 65 65 67 56 53 55 58 77 97 120 180 184 167 159 196 217 249 264 288 273 332 327 383 500 520 503 439 377 408 399 437 410 390 411 444 488 463 390 439 493 456 476 395 381 417 461 509 620 941 980 957 835 804 763 733 701 645 635 567 554 596 599 609 764 737 726
387 282 258 191 151 129 104 99 103 78 72 69 66 66 61 57 54 52 52 52 41 44 55 61 57 58 60 52 51 58 55 59 87 120 151 180 135 146 205 241 276 253 267 336 415 380 352 366 452 463 491 504 444 375 377 452 453 417 459 473 510 458 418 544 683 537 470 430 388 414 420 499 550 767 885 950 945 941 924 856 766 689 845 823 766 822 763 638 711 698 715 725
266 251 229 239 162 162 127 81 97 84 71 61 59 57 57 51 47 45 43 42 36 38 43 41 42 46 46 47 50 54 61 83 119 127 109 141 177 160 215 246 287 337 354 336 458 465 509 598 556 514 451 388 364 391 421 491 432 442 488 607 536 430 708 689 670 469 409 451 563 619 640 723 694 748 891 1050 913 814 846 866 846 852 952 914 919 923 779 646 702 706 728 763
186 196 186 168 115 136 111 68 59 57 57 54 52 50 48 49 41 40 37 33 33 35 37 39 41 44 46 49 54 62 91 123 168 191 190 282 337 335 375 294 228 280 366 456 522 461 403 373 394 332 332 371 470 477 473 467 457 591 594 526 462 585 580 450 418 459 656 742 734 655 719 723 834 867 926 844 738 644 783 848 938 998 877 921 836 740 702 770 749 772 776 866
