conf/chinadem0.0625.dem
ncols         1120
nrows         800
xllcorner     70
yllcorner     10
cellsize      0.0625
NODATA_value  -9999
[rows 533 to 573 of 800, columns 276 to 367 of 1120]
112 125 133 151 151 128 124 132 144 171 132 131 138 128 135 140 132 116 109 107 106 104 97 92 91 93 91 89 85 85 83 84 92 96 93 98 111 130 119 100 100 96 87 93 112 113 113 106 110 93 92 93 87 93 108 111 104 79 66 67 59 54 53 56 61 71 78 78 76 76 76 80 84 83 82 82 83 83 85 82 79 79 79 74 71 69 67 68 75 71 69 69
96 100 101 105 102 102 104 108 107 103 102 109 109 102 102 103 103 101 100 99 98 95 92 89 86 86 84 80 76 70 70 73 74 77 76 73 73 78 72 74 78 74 71 68 69 72 73 76 76 71 73 75 72 70 72 68 60 54 52 53 52 50 49 52 56 61 64 67 66 67 68 69 71 72 73 72 72 74 75 73 71 68 64 62 62 61 62 64 65 67 69 80
84 85 85 84 84 88 90 92 90 88 89 92 94 87 86 85 90 91 93 93 92 90 86 84 82 81 79 75 71 66 64 65 65 64 60 56 53 51 54 58 60 64 61 60 56 54 58 61 60 61 61 63 65 60 57 53 49 50 48 49 46 45 47 50 50 54 57 58 60 60 62 64 65 65 66 67 65 66 65 64 62 58 57 60 64 65 66 69 69 70 71 73
75 73 73 72 75 78 79 78 77 79 80 92 96 78 75 76 81 88 89 86 85 84 81 79 77 75 74 71 67 62 59 58 57 57 54 50 46 46 47 49 51 52 52 52 51 49 50 52 52 54 54 67 62 75 61 48 47 47 46 46 44 45 44 47 48 50 52 55 56 57 58 60 60 61 60 62 62 60 57 55 55 57 61 63 64 65 66 67 68 69 72 79
67 66 65 65 67 69 70 68 69 71 72 71 67 69 69 70 74 77 80 82 81 79 76 74 75 72 70 66 63 59 55 53 53 52 51 46 43 42 43 44 42 43 46 51 46 45 46 48 46 62 65 77 107 70 61 47 45 43 42 43 43 42 42 42 43 49 51 53 52 53 56 56 57 56 58 58 56 55 54 57 58 58 59 61 62 63 64 66 68 70 97 244
63 61 60 61 61 62 62 62 63 64 65 64 62 64 65 68 71 74 76 77 77 74 71 70 72 69 67 64 60 57 54 51 50 48 46 45 41 39 39 38 38 40 46 53 53 43 41 42 56 133 47 46 119 46 56 45 42 42 41 41 41 41 42 43 43 46 47 50 51 51 54 56 55 54 54 54 52 53 56 57 57 58 59 60 62 63 64 68 69 69 161 426
61 59 58 57 56 57 57 57 58 58 59 58 58 61 64 67 68 70 72 72 73 70 67 66 66 65 64 62 59 56 52 50 47 46 43 41 38 37 36 35 36 36 46 49 52 41 38 38 39 62 40 45 77 40 50 40 40 40 40 40 41 42 43 43 44 45 46 47 49 51 51 94 68 56 52 67 64 55 55 56 58 61 61 61 62 63 64 66 84 184 351 234
59 57 55 55 54 52 52 52 53 53 54 54 57 59 61 61 63 65 68 68 68 67 64 61 62 61 60 58 56 55 51 48 44 44 42 40 38 36 33 33 33 33 46 45 51 47 35 35 42 40 32 32 36 40 35 35 36 39 37 38 38 39 39 41 42 44 45 48 53 51 73 58 60 73 156 117 63 55 58 67 76 59 60 61 62 62 63 65 130 481 331 126
57 56 55 53 52 50 49 49 50 50 51 52 54 57 57 56 58 61 64 63 64 61 60 58 59 56 57 54 53 52 50 47 43 40 39 39 37 35 33 31 31 32 37 36 42 33 33 34 33 31 33 35 54 53 42 35 37 39 39 41 42 43 43 41 44 46 46 48 48 50 54 86 74 107 217 100 87 57 57 58 58 63 80 97 66 62 64 65 236 372 210 78
53 51 51 51 49 48 47 47 47 47 48 50 52 52 52 53 56 59 59 57 59 58 55 56 56 54 53 52 49 48 47 44 42 39 36 35 35 35 33 30 30 29 30 30 30 31 30 29 31 33 34 58 47 47 42 48 43 41 41 43 42 42 43 44 45 46 47 50 58 57 143 176 147 200 111 100 186 229 122 178 84 176 404 280 128 76 64 66 67 69 72 77
50 48 46 48 48 46 45 45 44 45 46 47 49 49 49 51 54 55 55 54 56 55 53 53 53 51 50 50 48 45 44 42 41 38 35 34 33 32 32 30 29 28 28 29 28 29 29 33 34 34 50 67 168 72 51 47 47 45 48 52 45 46 46 45 50 56 52 50 53 184 351 388 351 237 208 277 316 386 304 265 323 477 572 380 256 100 68 67 69 70 71 76
48 46 45 44 46 45 44 42 42 43 43 43 46 46 47 48 49 51 51 51 51 51 50 50 50 50 47 46 45 43 41 39 38 37 35 33 32 32 30 29 29 27 28 29 29 29 31 33 46 105 96 178 81 130 60 64 56 61 60 57 51 51 52 55 97 151 91 70 192 428 399 327 319 371 457 519 586 566 593 616 695 592 544 439 246 168 147 70 71 77 79 84
46 45 44 43 44 42 42 41 40 40 40 41 43 43 44 45 47 49 47 48 48 48 46 47 48 47 45 44 43 42 39 37 36 34 34 33 31 31 30 28 25 28 27 25 29 32 70 53 64 153 154 135 155 158 118 187 104 210 215 195 73 70 82 121 196 179 124 103 243 445 395 448 391 526 626 684 758 780 725 677 703 562 596 538 497 424 299 121 79 76 78 88
44 43 42 42 42 41 40 39 38 38 38 39 40 39 41 42 44 46 45 45 45 43 44 44 44 44 43 41 39 40 38 37 35 33 32 32 32 31 29 28 25 25 24 27 41 61 89 93 128 241 165 134 153 134 222 317 181 286 387 373 331 208 209 334 271 171 277 259 350 430 460 546 666 624 676 847 821 939 835 872 795 669 689 674 579 436 419 247 122 93 85 94
41 41 40 40 40 39 38 38 37 37 36 36 36 38 39 39 42 43 42 42 43 41 40 42 43 42 40 38 38 38 37 35 34 33 32 31 31 29 28 27 24 25 27 30 76 131 139 153 210 300 238 232 150 183 246 390 290 436 423 580 573 560 587 700 597 514 405 481 575 621 727 746 665 703 769 925 986 999 904 945 818 747 886 814 668 586 438 270 167 106 92 104
39 39 38 36 37 38 37 37 36 36 34 34 34 36 36 37 41 41 39 39 39 39 39 40 40 40 38 37 36 36 35 33 34 32 31 30 29 29 27 23 23 25 37 44 54 159 232 241 290 425 395 277 226 236 295 352 364 485 632 702 814 889 990 1072 978 948 950 924 1013 1103 866 828 778 789 910 968 909 950 861 808 831 877 899 853 787 676 508 371 224 132 121 151
38 37 37 36 35 35 35 36 35 35 34 33 33 34 36 37 37 39 36 35 36 36 38 37 38 38 36 35 34 33 34 33 31 30 29 28 27 28 27 21 24 26 26 66 88 182 308 382 479 573 519 378 380 360 320 365 401 529 638 777 905 992 1175 1301 1372 1453 1405 1069 1213 1388 1365 1122 1004 1006 1080 1026 943 917 908 990 988 953 868 829 807 755 700 529 275 197 186 167
37 36 36 35 34 33 33 33 34 34 34 33 32 33 34 34 35 35 34 33 35 34 35 35 35 36 35 34 33 33 32 31 30 29 28 27 26 25 25 21 23 26 27 37 68 223 401 423 562 740 640 454 350 442 437 364 400 556 699 821 909 993 1141 1261 1396 1538 1555 1539 1537 1627 1606 1556 1613 1379 1463 1350 1145 1008 1092 1185 1177 1087 995 943 864 750 640 479 352 238 178 164
36 35 35 34 32 31 31 31 31 32 32 33 31 31 32 32 32 33 31 31 32 32 33 33 33 34 34 33 32 31 29 30 30 28 27 26 26 25 23 20 23 25 38 66 79 92 191 416 784 812 680 551 353 290 412 363 344 544 644 736 836 981 1184 1328 1427 1545 1596 1688 1665 1684 1722 1754 1605 1761 1750 1552 1380 1211 1289 1288 1278 1202 1169 1083 947 772 706 602 449 290 264 214
32 31 31 32 30 31 29 30 30 30 30 31 31 30 30 31 32 31 30 29 30 31 31 31 32 32 32 32 31 29 28 28 28 27 25 25 24 25 21 18 24 28 51 69 100 98 114 240 727 1084 982 784 731 393 334 230 219 419 498 515 643 853 1052 1259 1442 1497 1538 1596 1636 1664 1721 1759 1769 1794 1687 1642 1425 1238 1403 1323 1335 1281 1193 1082 889 762 723 672 481 485 424 283
31 31 29 29 28 30 29 29 29 29 29 29 29 29 29 30 30 29 29 28 29 30 30 30 30 30 30 29 29 28 27 28 26 26 26 25 24 23 19 20 24 53 68 86 95 133 138 136 185 334 479 440 577 540 615 365 241 398 458 387 514 706 898 1191 1378 1486 1507 1555 1536 1594 1654 1709 1731 1585 1028 1222 1369 1313 1330 1310 1301 1276 1185 1077 921 877 799 861 885 710 510 323
34 33 34 31 30 28 29 28 29 27 27 28 28 27 29 28 31 31 28 28 29 32 29 28 28 28 28 27 27 26 27 26 26 26 24 24 24 22 18 21 24 46 84 77 74 95 95 124 86 113 114 195 210 181 242 384 378 381 464 360 357 435 653 957 1085 1205 1427 1422 1337 1490 1233 1564 1261 892 1128 605 949 1042 1194 1205 1203 1149 1056 1004 970 1018 983 956 968 811 529 465
52 45 50 37 35 29 28 27 28 28 27 28 27 26 27 29 34 31 28 28 29 31 32 27 26 26 27 26 26 24 25 26 25 25 23 23 23 22 18 21 22 23 37 52 58 90 77 89 107 123 79 83 109 113 79 232 385 597 542 402 381 449 347 500 607 806 590 648 879 954 904 1269 692 686 1087 707 784 928 960 905 959 928 853 865 1014 1278 1217 1155 1023 828 667 503
41 50 57 67 126 166 118 114 26 28 29 26 26 27 34 37 31 26 30 28 27 31 35 25 25 24 25 24 25 24 24 25 26 24 23 22 21 20 20 20 22 22 21 23 31 40 48 43 69 98 125 99 172 141 98 161 128 288 265 206 230 280 323 194 306 226 274 371 453 456 439 646 439 722 552 469 466 595 677 575 738 725 627 695 610 1144 1321 1289 1157 919 781 690
41 49 51 63 103 193 141 122 26 28 29 29 27 30 40 40 27 29 30 25 28 39 33 25 23 23 23 23 24 23 23 24 24 24 22 21 21 20 19 18 21 21 22 21 20 22 25 23 21 24 34 42 32 26 24 44 26 63 64 25 7 5 7 11 12 19 23 43 36 36 50 51 42 44 32 34 21 43 147 230 356 452 297 324 392 954 1271 1443 1182 923 941 784
50 76 81 72 153 122 141 111 27 26 29 29 28 28 31 30 26 37 28 24 33 33 24 24 22 21 22 22 22 21 23 23 23 23 22 20 20 20 17 18 21 20 21 21 20 18 18 19 17 15 13 14 14 14 15 14 11 9 9 7 6 5 5 8 9 10 12 10 12 14 14 11 12 12 13 13 13 15 21 52 171 282 402 519 682 665 731 727 435 357 671 657
64 93 135 158 143 86 159 78 32 27 25 26 28 30 28 22 36 40 24 25 35 25 21 23 22 21 20 21 21 21 22 21 22 22 21 20 19 17 15 18 19 20 19 20 20 18 17 16 16 15 14 13 13 12 11 11 11 9 8 7 6 6 6 8 9 10 10 10 12 11 12 10 12 13 11 13 14 14 15 16 19 23 93 203 257 277 330 388 411 552 396 600
72 90 134 193 136 85 182 88 39 30 26 26 28 28 26 25 30 28 21 27 34 23 20 21 19 20 20 20 20 21 21 21 21 21 20 18 19 15 17 20 19 20 19 19 19 19 19 18 16 15 15 14 13 12 11 11 11 10 9 9 7 7 8 8 9 9 8 9 10 10 12 11 13 14 28 34 18 13 16 17 16 17 19 21 22 32 68 62 106 98 111 161
89 115 171 271 89 61 85 102 60 30 25 25 28 27 23 23 25 20 30 40 32 23 19 21 19 18 19 18 20 20 20 20 21 21 18 19 18 15 17 19 19 19 19 19 18 17 17 17 17 16 14 14 14 13 12 11 11 11 11 10 9 7 7 7 8 9 8 9 10 11 12 12 14 20 27 17 15 16 16 17 17 18 18 20 19 21 20 21 28 37 36 67
96 128 251 260 85 96 109 56 32 29 25 26 27 26 25 23 24 25 38 40 30 22 18 19 17 16 17 17 18 19 19 18 19 22 20 18 17 15 15 17 18 18 19 20 19 19 17 17 14 16 16 15 13 13 12 12 11 10 10 10 8 7 6 6 7 9 8 9 9 11 11 13 14 15 15 16 21 16 18 16 24 22 20 20 25 37 20 27 23 24 28 34
112 147 189 140 130 171 149 49 33 29 26 24 25 25 25 24 23 28 41 32 26 21 18 19 17 13 15 16 15 16 17 18 20 20 20 17 17 16 14 16 17 19 19 18 19 18 17 17 17 15 15 16 15 13 12 12 11 11 10 9 8 7 6 6 7 8 8 7 10 12 12 13 14 15 13 13 19 16 20 22 39 23 20 24 41 24 25 36 23 24 26 27
153 170 188 235 280 146 77 55 48 33 25 23 24 25 26 24 24 30 39 32 24 19 16 17 16 15 15 15 15 16 16 17 19 19 19 16 17 17 14 15 16 18 18 18 24 20 17 16 16 16 14 15 15 14 13 12 11 10 10 10 7 6 6 7 7 7 7 8 10 11 12 14 15 13 12 14 13 14 17 34 55 23 28 25 38 23 30 27 25 25 26 28
197 203 301 360 209 91 57 51 43 33 25 23 22 22 25 23 24 31 41 36 24 18 16 16 16 15 14 14 14 15 15 16 17 17 18 16 16 17 14 15 14 16 17 17 20 23 18 15 15 15 15 14 14 14 13 13 11 10 9 8 7 6 6 6 7 8 8 9 10 12 12 13 13 12 17 31 11 10 18 65 43 28 33 25 33 26 41 37 38 29 28 44
189 177 264 291 173 106 80 104 69 36 24 23 24 22 20 24 23 34 38 34 24 17 17 16 16 16 15 14 13 13 14 15 15 16 17 17 17 17 14 13 15 16 16 16 17 21 20 16 14 14 14 13 14 13 12 12 11 10 8 7 7 6 6 6 8 7 8 9 11 11 12 12 10 12 27 36 14 16 23 67 36 41 31 28 39 30 43 48 72 39 40 59
200 160 194 132 107 93 69 82 51 35 27 23 23 22 20 23 22 31 38 31 21 18 17 17 16 16 15 14 13 13 12 13 13 15 15 16 15 16 16 11 14 15 15 15 24 17 21 16 14 12 12 13 13 13 11 11 10 10 8 7 6 6 7 8 9 11 9 10 10 12 10 13 13 16 28 26 18 32 26 38 40 53 28 38 55 33 51 58 91 46 61 138
196 197 257 234 140 89 68 56 43 34 28 26 24 24 20 21 19 26 28 23 18 18 17 17 16 16 16 16 14 14 12 11 12 13 14 15 14 14 16 13 12 15 14 15 27 16 21 21 16 14 12 12 13 12 13 11 12 11 9 6 6 6 6 7 8 9 9 9 9 21 11 13 23 19 22 23 28 62 30 30 46 54 44 49 82 47 71 112 86 84 113 190
199 211 185 201 142 95 73 63 43 33 34 33 32 27 23 23 23 19 22 23 19 19 19 18 17 17 17 16 15 15 14 13 12 11 13 13 14 15 15 14 11 15 14 13 14 15 22 22 18 13 11 11 11 13 12 12 11 11 8 6 5 7 7 6 8 9 9 9 10 35 11 11 33 22 22 25 43 87 31 40 59 63 47 97 87 63 102 140 105 212 144 304
179 167 157 154 151 87 63 71 60 43 36 31 31 35 24 22 22 21 18 18 17 18 17 19 19 19 18 16 16 17 15 13 12 11 12 12 13 14 14 14 10 15 14 13 12 17 24 22 20 17 15 12 10 11 13 13 10 8 7 6 6 6 6 7 7 9 11 11 12 41 16 12 47 28 42 34 47 95 40 63 66 83 60 167 64 107 85 198 148 283 345 511
166 170 134 118 115 86 72 51 42 39 34 31 25 33 33 23 21 21 21 20 21 20 18 16 20 19 18 17 17 15 13 14 11 12 11 11 13 13 14 12 9 14 14 12 10 16 23 21 19 19 20 16 11 12 12 12 12 10 8 6 6 7 6 7 9 11 14 13 16 41 22 21 56 34 63 50 47 95 51 89 65 86 122 164 64 231 114 210 240 241 373 593
137 142 164 135 174 102 64 53 44 38 32 27 23 30 33 26 21 20 21 20 21 20 19 17 19 18 17 16 15 14 13 12 14 13 12 11 12 12 12 10 10 13 13 12 11 9 20 21 17 18 20 19 15 16 14 13 12 12 10 8 6 7 7 9 8 12 33 14 19 31 31 43 68 38 85 67 57 86 76 101 90 89 212 99 90 196 269 237 349 291 261 465
128 156 171 113 141 97 64 51 37 32 26 24 21 25 28 20 21 19 20 20 21 20 18 16 16 17 16 13 15 15 15 14 13 12 11 12 10 11 11 8 9 12 12 11 11 10 17 17 15 16 18 16 14 14 13 12 13 11 10 6 7 7 8 9 8 12 44 44 23 32 47 77 78 48 119 62 56 81 73 90 155 93 184 94 157 109 195 344 478 319 371 429
